omc = [-0.500000; -0.300000; -0.200000];Tc = [-79.203241; -80.853218; -45.711791];fc = [ 657.391329 ; 657.759005 ];